62	42	39	25	48	34	44	30	38	44	40	51	48	46	59	117	62	69	57	79	95	119	104	101	108	106	123	110	103	101	104	142	111	185	115	127	141	131	134	130	143	234	149	164	173	184	174	156	164	146	145	224	117	116	109	116	106	108	135	95	67	76	26	17	2	0	4	0	0	0
62	42	39	25	48	34	44	30	38	44	40	51	48	46	59	117	62	69	57	79	95	119	104	101	108	106	123	110	103	101	104	142	111	185	115	127	141	131	134	130	143	234	149	164	173	184	174	156	164	146	145	224	117	116	109	116	106	108	135	95	67	76	26	17	2	0	4	0	0	0
58
58

66	50	36	45	28	34	43	40	30	45	41	40	47	29	35	39	48	33	23	45	47	52	36	44	49	40	41	44	37	42	45	36	34	38	44	37	40	44	31	27	45	42	40	42	42	45	41	45	40	41	34	46	33	33	31	30	34	40	38	27	28	19	19	6	5	3	4	3	0	0
66	50	36	45	28	34	43	40	30	45	41	40	47	29	35	39	48	33	23	45	47	52	36	44	49	40	41	44	37	42	45	36	34	38	44	37	40	44	31	27	45	42	40	42	42	45	41	45	40	41	34	46	33	33	31	30	34	40	38	27	28	19	18	6	5	3	4	3	0	0
143
143
Note: delete a duplicated row for 0017

24	5	11	10	8	11	15	16	17	28	23	35	25	33	30	31	47	42	34	33	35	50	35	33	34	33	49	38	38	57	40	63	41	47	38	51	66	53	47	52	46	75	48	57	59	55	68	55	61	63	55	77	45	46	45	44	37	41	74	44	30	27	8	8	4	1	2	0	0	0
24	5	11	10	8	11	15	16	17	27	22	34	24	32	29	30	46	41	33	32	34	49	34	32	33	32	48	37	37	56	39	62	40	46	37	50	65	52	46	51	45	74	47	56	58	54	67	54	60	62	55	77	45	46	45	44	37	41	74	44	30	27	8	8	4	1	2	0	0	0
21
21
Note: delete a duplicated row for 0037 集体经济收入 (元) Collective Economic Income (yuan) -> It doesn't affect the result

0	0	0	0	0	0	0	0	0	0	0	0	0	0	0	0	0	0	0	0	0	3	3	3	3	3	4	8	5	4	13	13	14	18	17	19	17	16	19	18	18	37	34	36	42	43	50	44	44	36	31	38	29	28	28	28	20	29	33	15	10	7	0	2	0	0	0	0	0	0
0	0	0	0	0	0	0	0	0	0	0	0	0	0	0	0	0	0	0	0	0	3	3	3	3	3	4	8	5	4	13	13	14	18	17	19	17	16	19	18	18	37	34	36	42	43	50	44	44	36	31	38	29	28	28	28	20	29	33	15	10	7	0	2	0	0	0	0	0	0
22
22
Note: Delete all Total fertility rate

19	8	16	9	17	4	7	20	11	19	16	20	10	16	18	49	12	16	13	11	15	11	16	13	10	10	18	12	17	22	12	25	15	63	10	11	18	14	22	18	17	85	20	24	24	49	37	40	41	36	36	88	26	25	33	24	28	25	47	37	25	36	16	5	1	1	1	0	0	0
19	8	16	9	17	4	7	20	11	19	16	20	10	16	18	49	12	16	13	11	15	11	16	13	10	10	18	12	17	22	12	25	15	63	10	11	18	14	22	18	17	85	20	24	24	49	37	39	41	36	36	88	26	25	33	24	28	25	47	37	25	36	16	5	1	1	1	0	0	0
252
252
